XVH overzicht der kostgelden

Anno 1688 en 89

te Batavia.

1688 September rds 1.253 33

Oetober pn
November
December
1689 January on
February
Maart ge
April 34
May 55
Juny za
July
Augusty

Bedraegt in 12
maanden rijexdaalders

Anno 1689 en 90

302

’t bedragen

1689 September rds 1.236 36

Oetober 1
November
December
1690 January mn

February
Maert 35
April 5
May
Juny
July n

Augustus

Bedraegt in 12
maanden rijexdaalders

Anno 1690 en 91

1690 September rds

Oetober
November
December

1691 January pe
February
Maert z
April n
May n
Juny 7
July 0
Augusty en

Bedraegt in 12
maanden rijexdaalders

kostgelt idem der ger neven- kostgelt idemder bedragen idem van
der kleyne van ’t inlantse van t lant en
schepen vaertuygen staande 8 landt militie ’ lant water
partyen
166,,25 1.420,11 6.3215 zl 7,741 41
1515, 5 178,17 148,2 6387 EL 8.036, 4
1.365 10 248,,14 1614, 6 6.5901), Ti 8.204 18
1.910 18 185,47 2.096,17 6338 8.434 47
1.395 47 143,13 1.539,12 6278), er 1.818,
1.880 25 176,24 2057, 1 6339, nn 8.496 13
1.865 18 193,,18 2.058,31 6.068 ET 8.126 37
1.694 ,, 10 117,18 1811,,28 58491, 1769, 6.026,12 7.837,40
1.841 12 78,16 1.914,28 8.711) s 176 5.953 30 7.868 10
1.835,32 106,19 1.042, 3 57351, 173, 5.908,24 7.850 27
1.909 33 137 ,,24 2047, 9 5.853 1721, 6.025,24 8.072,38
2.495 20 137,20 2633,, 6.893, 169, 7.062,36 9.695,36
21.023 ,, 6 1.859,18 228821, 74,4327f, 868 75.3007s 98.1832s
146 ,,22 1.383, 10 61443), 1901, 6.335 ,, 7.718,10
1.907 21 204,24 2.011,45 6.190, 188, 6.379,24 8491, 21
2.136 16 200,18 2.336,33 6.223, 179, 6402,36 8.739, 22
2.196 40 212,19 2.409,11 6.501s 180 6.609 18 9.099 29
1.738 24 197,41 1.936,,17 6.025, 180 6.205,,36 8142, 5
1.801 12 161,, 6 1.962,18 5812, 178, 5.990,36 7.953.
1.484 38 209,45 1.694,35 5.609, 177 5.186,24 7.481 11
LI zn 4 160, 3 1337,,10 5.9945f, 177 6.171 30 7.508 40
1112 11 38,12 1.150,23 5.699’ 177 5.876,42 7.027 17
1.168,13 38,12 1.206,25 5619, 1724 5.729, 6.998,25
1271, 3 43,14 1.314,17 5.543, 176, 5.762, 7.034, 17
774 37 134 24 909,13 5.586 1762, 5.720,36 6.672, 1
18.005,18 1.747 ,, 10.7528  70.9608 21531f, 77.11374  92.8661),
198,25 172,30 971, 7 5858 17514 6.034s 7.005 13
966 12 181,40 1148, 4 5.694 174lf, 5.8681, 7.016 28
84l , 6 199,29 1.040,35 5.7985s 1739), 5.9723)s 7.013, 5
1.532,20 337,14 1.869,34 6076 173), 6.250, 8.120 10
1.909 , 26 299,19 2.208,45 6.219 173, 6.3931), 8.602 21
1.495 15 266, 1.761,15 6.080, 173 6.253, 8.015, 3
1.962 28 318,38 2.281,18 58409, 178 6.0133, 8.295, 6
1.670, 1 300,16 1.970,17 58275 174f, 6.002s 7.972 23
1.768 35 305,,30 2.074,17 5.9743g 1739, 6.1481s 8.222 23
1.829,18 359,30 2189,  5.954 239, 6.194e 8.383 18
1.933, 1 291,38 2.224,39 6178g 171 6.3497s 8.574 33
2.228 17 293 ,,46 2.522,15 6.617 1718), 6.7883, 9.311, 8
18.935,12 3.326,,42 22.262), 72.122 21748), 74.2692), 96.531 ’g
