209 XVI overzicht der kostgelden
te Batavia.

’t bedragen

kostgelt idem der vent kostgelt Idem der bedragen Item van
Anno 1679 en 80 der kleyne van ’t inlantse van ’t lant en
schepen vaartuygen dg lant militairen land water
1679 September rds 2.088 16 100, 2 2.188,18 5.720 EE 7.909,
Oetober 2.364,16 181,12 2495,,28 5.862, re 8.357 40
November 2.382, 7 125,,38 2.507,45 5829 8.400 27
December , 2.849, 5 178 ,, 2 3.027, 2 5.822, 8.849 13
1680 January z 19031 10 134 ,,43 3.772, 5 5.530 Ee 9.302, 5
February 2.989,23 139,,32 3.129, 7 5.583 812, 7
Maart 3410, 6 103,,14 8.513,20 5417’ 8.931 14
April 2.965 21 189,12 8.104,33 5456 8.561 15
May 2.390, 3 282,22 2.672,25 551, 8.183 37
Juny 2.673 37 241,,30 2.915,19 4.899 7.814 25
July 2476, 39 210,15 2.687, 6 4.922 7.609 36
Augustus 3019, 9 211,30 3.246,39 55335 8.780 21
Beren iosdaaldors 33-246,  2014,12 35.260, 66152 HOLD
Anno 1680 en 81
1680 September rds 1.780, 2 125,,18 1.905,20 5434 7.339 38
Oetober 3.286 ,, 10 210,, 8 8.496,18 5.626 9.123 12
November 3.062, 7 205,10 3.267,17 57445 9.011 47
December 3.059,30 177,23 8.237, 5 5865, 9.102 29
1681 January z 861527 190,,20 3.805,47 5818 9.624 ,, 5
February 2.755,14 168 ,, 4 2.923,18 5.264 8.187 36
Maart 2644, 4 131,11 2.775,15 5.039, 7.814 39
April 2.518,34 195,16 2714, 2 5437, 8.151 38
May 2.386, 12 133,13 2.519,25 4917’ 7.437 19
Juny 3.211,20 132,20 3.343,40 5274, 8.618 28
July 3.021 32 166,,24 3.188, 8 5.513, 8.701 44
Augustus ,, 3.123,12 185,,381 3.258,43 5.859, 9.118 34
mrt Nedaalders 34464, 12 1971, 6 36435 65794  102.2325,
Anno 1681 en 1682
1681 September rds 1.837 38 165 ,, 2.041,38 5471, r 7.513 14
October 2.403,37 150,,20 2554, 9 5761, 8.315 21
November 2.784, 7 161 ,,44 2.946, 3 5667, 8.613 15
December 2.622,40 167,11 2.799, 3 8.810 8.609 21
1682 January 274,25 198,,45 2.988,22 5.901, 8.889 34
February 2.773, 3 185,,20 2.958,23 6031 as 8.990, 5
Maert 2.307 29 80,,40 2.388,21 5.630 8.018 33
April sa 200127 48,,34 2.050,13 4.892 6.942 13
May ss 2.277 33 28,,14 2.306, 9 4.757 7.063, 9
Juny 2083, 7 ss 2.988, 7 5.048), 8.031 43
July 2693, 2 26, 2 2.719, 4 5.012 7.781, 4
Augusty 2.809,28 63,24 2.873, 4 5.732 8.605 34
he Eeten 30.327,36 1.280,24 31.608, 65.715 973243),
