297 XVH overzicht der gages op Onrust.

1687 dto 1 Il 14 23 1 - 2.354 2404 f 267.710, 1, 9
1688 dw 1 13 15 21 - - 2570 2620 259914, 3, 1
1689 die 1 14 17 18 - - 2.143 2193 264.626, 3, 5
1690 di 1 9 15 16 - - 1.747 1.788 226.833, 1,12
1691 dito 1 10 17 10 1 - 2087 2.126  251807,12, 7
1692 - 1 9 21 1 - 1.721 1.763 200.527, 10
1693 mmm) 11 14 18 1 - 1699 1744 184178, 7, 3
Sommarium 9 10 217 387 437 20 4 59.794 60.878 f 6.888.771 ,12,, 7

Brsvaar III.

Korte tsamentreckingh van alle de dienaren der E. Compagnie, de-
welcke van jaar tot jaar op het eylant Onrust by het sluyten van desselfs
soldyboecken sijn bevonden te continueren, t'sedert ultimo Augustus 1670
tot ultimo Augusty 1693, mitsgaders hoeveel deselve by haar laatste credit-
post by continuatie tesamen, hebben verdient, als

ist 8 EE 8 8
ultimo 88 z 8 5 3 5 E 8 coppen
Augusty 8 Z 8 E 3 El Ei GE 8 te samen
380 8 E SP 8 '
o a Bel Q
1670 2 74 6 35 - 117 f 20.063,, 7,10
1671 76 8 26 - 10 22456, 7,12
1672 1 101 9 MU 1 129 27.934 ,12,,12
1673 z 1 66 10 22 1 100 24027 12,11
1674 1 64 8 17 1 91 20.223,17, 5
1675 - 1 72 9 23 105 18119, 6, 5
1676 - L 11 15 28 - 121 19.288, 5, 5
1677 - 1 70 15 24 - 10 21.166, 4, 12
1678 2 74 19 32 - 127 23.501,15, 12
1679 es 3 93 18 36 150 28.948,12, 10
1680 - 3 11 15 29 - 124 , 24.711,10, 4
1681 - 3 71 10 32 - 122 20.005,19, 12
1682 1 3 66 9 28 - 107 20.692,17, 2
1683 me 2 84 7 39 - 132 18444, 8,12
1684 - 1 82 10 40 - 133 25.126, 2, 9
1685 118 14 40 1 173 32.956, 5, 5
1686 7 15 37 1 150 27.724,10, 1
1687 1 116 15 48 1 181 35.932, 1, 7
1688 1 14 19 33 1 168 32.966,10, 5
1689 1 108 15 27 1 152 29.117,14, 2
1690 2 90 20 35 1 148 29.186,10 ,, 10
1691 1 1 104 20 20 - 146 26.837, 1, 7
1692 1 2 82 19 29 - 133 , 25.833, 5,14
1693 1 2 87 28 28 - 138 , 28.166,16 12

Sommarium 4 35 2069 3825 725 9 3.167 f 603426,17,, 4
