301 XVII overzicht der kostgelden
te Batavia.
kostgelt idem der ied kostgelt idem der bedragen item van
Anno 1685 en 86 der kleyne van ’t inlantse van ’t lant en
schepen vaertuygen een lant militie ’ lant water
1685 September rds 1.801 36 110,,83 1.912,21 64185 5 8.331, 3
October 2409 ,,12 112,10 2.521,22 6.482 EEE 9.003 22
November 2.405, 20 149,10 2.599,30 6.300 St 8.899 36
December , 1.937,40 115,, 6 2.052,46 6.348, 8.401 34
1686 January 2.356 10 79,16 2.435,26 6.325 8.760 26
February 2.647,24 148 ,,26 2.796, 2 64835 9.279 32
Maart 1.941,16 93, 1 2.034,17 6.300 8.334 35
April 1530, 14 78,38 1.609, 4 5.822, 7.431 28
May 2.202,40 119,40 2.322,32 5.543, 7.865 44
Juny alen 2 68,, 1.993, 2 554 Te 7.687, 8
July 2.050 13 62,,22 2112, 35 5.883 Tr a 7.995 35
Augusty  2471,,19 86,,38 2.558, 9 6463 mn 9.021 15
he miaalders 25724, 6 12,4 2648, 73064,  100.9125,
Anno 1686 en 87
1686 September rds 1.777 18 168,14 1.940,32 6.204 8.145 14
October 2.308, 11 173,,14 2481,,25 6619 9.101 13
November , 2.020 , 6 186,,12 2.206,18 5.790, ee 7.996 ,, 24
December 1.739, 10 159,,26 1.898,36 5.945 7.844 24
1687 January 2.260 20 217,,44 2478,16 5.955 8.434 ,, 10
February 2.016, 20 233,,10 2.249,30 5.840’ 8.090 24
Maert 1.758, 20 265,,43 2.019,15 5.352 7.371 21
April 1.476, 33 163,12 1.639,45 4.508’ 7.048 39
May 1.802,21 1838,,27 1.986,  5.6455g 7.681 30
Juny 2032, 9 133,,40 2.166, 1 5.695, 7.861 37
July ss 892, 38 178, 8 2.070,46 57015 7.712 28
Augusty 2.185,22 233,14 2418,36 6.945, 9.363 42
bede endaaldera 28.264,36 2.201,40 25550, TOM 96.6622f4
Anno 1687 en 88
1687 September rds 1.489 14 71,40 1.567, 6 5.833 7,400 , 24
October 1.842,27 142, 1 1.984,28 61335 8.118 10
November 1.869,22 132,,28 2.002, 2 5.890, 7.892 14
December , 1.858,42 160,10 2.019, 4 6.322 8.341, 4
1688 January z 2.201 26 154,40 2.356,18 6121’ 8.478 12
February 2.362,38 233,,13 2.596, 3 5930, 8.526 ,, 3
Maart  24ll,,19 142, 8 2.553,27 5.740 8.204, 3
April 1.548. 28 122,42 1.666,22 6.064, 7.781 10
May 5 Lb 9 144,16 1.995,25 5.873 7.869, 7
Juny 1.766 ,, 26 203,,21 1.969,47 5.763, 7.733 11
July 2.110,10 182, 7 2.292,17 614, 8.433 41
Augusty 2.355,15 209,,14 2.564,29 7.761 10.325 47
en tl 23.662,36 1.905,, 25.567, 73.576, Ee 99.143)g
