XV overzicht der kostgelden 300
te Batavia.
kostgelt idem der pen kostgelt idem der bedragen item van
Anno 1682 en 83 der kleine van ’t inlantse van lant en
staende 2 Eep
schepen vaertuygen petijen lant militie t lant water
1682 September rds 1.511, 37 151,,32 1.633,21 5.776 7.439 21
October 2.452,27 155,,17 2.607,44 6194, 8.802, 8
November 2.313,13 174,,12 2487, 25 5.821 8.308 25
December 2.797,32 129,,14 2.926,46 58895, st 8.816 28
1683 January 3.461,25 158,,13 3.619,38 5.779, 9419, 2
February 3.943, 32 135,,44 4.079,28 6.106, 10.186, 4
Maart 3.918,38 104,14 4.023, 4 6105 er 10.128 40
April 4.028,15 143,11 4.171,26 6094 Ben 10.266 , 20
May 4.060 15 293,34 4.354, 1 5.757 er 10.111 31
Juny 3.526 ,, 14 179,16 3.705,30 5.853 nn 9.559 18
July 3.174,16 274, 7 3.448,23 5.816 9.264 23
Augusty 3.457 42 106,,38 3.564,32 6469, 10.033 38
Dr edaalders 38.646,18 2.006,12 40.6529 71683 12.38,
Anno 1683 en 84
1683 September rds 2.677 22 136,,38 2813,,30 6.042 hae 8.856,
October 3.240,29 96,40 3.337,21 5.838 9.175 39
November 3.515,29 218,47 3.734,28 5851 9.586 21
December 4.820,46 184,38 5.005,36 6.403 11.409 24
1684 January w 9702 8 251,, 3 4.043,11 6.054, 10.097 47
February , 2.849,29 150,9 2.999,38 5.790 8.789 44
Maart 2.956,34 174, 9 3.130,43 5700 sen 8.831 18
April 3.204,24 78, 8 3.278,32 5.867 Ean kn 9.145 32
May w 9168, 8 119,32 3.277,40 5643, 8.921, 4
Juny 5 2.274, 9 114,16 2.388,25 5248, - 7.636 37
July 2.697 13 123, 7 2.820,20 6190, 9.010 32
Augusty 4.160,25 180,,11 4.346,36 7.166 11.506 42
me Memdaalders 39.347,36 1.823,36 41171,, 71796 112.968
Anno 1684 en 85
1684 September rds 2.625 11 201 ,,32 2.826,43 6.007 kiss 8.834 37
October 2,734, 23 149 ,,40 2.884,15 5717, 8.601 27
November 2.177 11 249,45 2427, 8 6213 min 8.640 38
December 1.874,17 187,23 2.061,40 6308, 8.370 16
1685 January 2.813, 26 219,,30 3.033, 8 6.5925), 9.625 38
February 2.792,17 118,16 2.905,33 6.373 9.278 33
Maert 2.880,37 87,,30 2.968,19 6278, re 9.246 31
April 2.906, 19 122,,28 2.845,47 6610, 8.956, 5
May 2.728,19 107,,40 3.014,11 6.685 TE 9.700, 5
Juny 2.003 ,, 10 154,,18 2.157,28 5.971, 8.128 40
July 2.087 23 118, 4 2.200,27 6178, 8.379 15
Augusty 3.066, 9 85,30 3.151,39 6.820, r 9.972, 3
eeen ee 25.124, 6 1224, - 260483 73964, 100.912,

maanden rijcxdaalders
