858

Zeelandia (kasteel op Formosa), 689, 712,
714719, 725, 728.

Zeelandia (vesting op Oma), 122.

Zeemeeuw (schip), 184.

Zeeridder (schip), 353, 407, 419, 704, 705.

zending, zie Christendom.

zijde, 356, 361 -364, 376, 386, 387, 395, 397
399, 403, 408, 409, 411, 414416, 418, 419,
424, 425, 427 480, 432, 435, 436, 441, 444,
446, 452, 455, 456, 462, 465, 470, 475, 476,
479, 480, 488, 490, 491, 508, 513, 519,
520, 525, 530, 536, 537, 542, 579587,
R70673, 700, 701, 732, 751, 753, 758,
762, 763.

ZAKEN-INDEX.

zilver, 1, 24, 25, 272, 280287, 292299,
356, 361, 377, 384, 388, 382, 391 - 393, 397,
403, 404, 417, 425, 429, 431, 436, 441, 447,
455, 518, 537, 670, 713, 789,

Zoelen (schip), 550.

Zuidooster-eilanden, 177 179, 182, 183, 205,
209213, 258.

Zuidwester-cilanden, 177, 179182, 205--
209.

Zuydtzee, 788, 790, 791, 794, 798, 799, 803,
804, 806, 807.

Zwaan (Engelsch schip), zie Cygnet.
