penningen
a deposito  f 9 563040

en rt ee 68998054
ve tet - 8965 454

penningen
a deposito

1698. . f 6242865 4
1699. . ,474285419
1700 .. ,,4499627 7

7083 110
a 6665430
Br Ene ee 6532497

6251 190

6 247 965
oa 6247 965
Ar 6247 965
6243 665
6243 665
6243 665
6243 665
6243 665
oa 6243 665
Re net 6 243 665
6 242 865

449 XVI lijst van gelden a deposito.

19 4 obligatin
EEEN 9043460 8 Mers Dee

18
18

oo

BREE BRR RR RE A U

wegens afgifte tot
laste van ieder
Camer
f 1932060
263579111 8
2786 834 11

f 10 807 952
11 122 940
10 841 094
11 310 114
10 950 884
11 596 601
13911 966
15 196138
13 933 582
12 166 631
11302193
11010 797
11004197
10 991 073
10 798099
10 540 503
10 219 853

EJ

EJ

805 025
2415076
3 864 121
3 864 121
6010 856
6010 856
6 009 231
6009 231
6 009 231
6 009 231
6 009 231
6 009 231
6 009 231
6 009 231
6 006 966
6 006 966
6 006 966
6 006 966
6 006 966

102
18
123
5
4
10
Lt
10
B
6
4
19
Von
4.
1e
13
2e

Sz
12e
124

in onopeysbare
obligatin

6 006 966
5319 9
4 619 133

29
